10
3506.000  747.000  507.000  429.000  681.000  272.000  721.000  552.000  808.000 1121.000
 747.000 5675.000 1117.000  970.000 1179.000 1318.000 1064.000  719.000  757.000  976.000
 507.000 1117.000 3420.000  930.000  871.000  939.000  909.000  934.000  858.000  563.000
 429.000  970.000  930.000 3029.000  969.000 1037.000  974.000  537.000  818.000 1227.000
 681.000 1179.000  871.000  969.000 3812.000  499.000 1082.000  995.000  953.000  913.000
 272.000 1318.000  939.000 1037.000  499.000 3762.000 1317.000  891.000  830.000  561.000
 721.000 1064.000  909.000  974.000 1082.000 1317.000 4597.000  425.000 1218.000 1063.000
 552.000  719.000  934.000  537.000  995.000  891.000  425.000 3450.000  981.000 1104.000
 808.000  757.000  858.000  818.000  953.000  830.000 1218.000  981.000 2891.000 1102.000
1121.000  976.000  563.000 1227.000  913.000  561.000 1063.000 1104.000 1102.000 3926.000

 454.000
6214.000
2135.000
 168.000
 511.000
1321.000
9841.000
5484.000
 651.000
 951.000
